1
97
59
147
6
114
74
128
145
27
52
121
1
78
113
47
24
129
89
199
190
95
74
107
134
195
100
21
103
150
175
143
87
174
191
119
159
19
108
36
174
78
15
34
94
183
197
142
95
40
23
10
39
73
15
94
191
3
186
16
109
123
174
126
154
176
147
155
84
13
123
188
64
86
176
114
123
71
125
74
183
16
100
188
196
129
178
174
3
129
199
40
167
54
27
83
199
89
165
70
77
112
96
121
98
39
118
79
102
186
183
132
46
5
181
111
174
193
172
85
186
42
162
182
141
188
52
6
61
148
186
38
115
152
185
156
65
16
90
177
145
162
125
180
155
41
36
103
133
189
77
153
96
178
155
7
158
37
125
32
160
184
83
158
184
175
171
62
129
78
48
106
187
106
35
99
158
138
3
198
4
185
48
83
73
19
125
14
143
152
73
2
85
161
103
126
86
124
134
141
133
67
4
198
81
98
41
178
17
134
134
156
180
116
58
144
90
73
74
6
136
159
69
148
136
63
48
193
25
96
5
116
47
80
117
27
141
175
57
83
173
35
27
41
195
34
28
169
93
97
11
28
180
74
154
156
166
70
134
68
183
85
185
144
182
28
194
35
168
33
191
117
36
51
146
178
190
132
66
115
65
83
162
192
133
89
181
113
182
12
163
183
95
3
22
162
10
165
104
39
32
164
61
36
164
48
76
149
44
164
73
173
108
4
160
134
196
2
81
72
165
114
166
129
57
91
25
136
143
4
89
135
114
135
143
113
60
113
46
97
131
96
189
25
77
64
86
158
191
188
36
127
192
157
76
130
81
194
83
174
96
124
65
64
191
101
142
56
112
18
6
191
83
26
3
89
144
7
186
88
185
65
184
187
179
110
186
189
129
14
192
134
163
134
71
151
39
116
159
183
189
185
46
77
127
105
89
143
66
142
152
199
34
55
65
85
133
95
160
137
135
114
64
32
200
174
103
54
85
165
119
182
27
121
102
115
146
186
192
35
128
22
109
135
133
30
90
65
168
75
157
95
80
85
64
163
61
20
132
97
5
177
4
113
192
65
52
151
161
12
126
136
193
169
18
153
149
54
67
40
123
178
189
83
26
148
141
189
166
193
8
153
3
30
4
114
71
197
153
39
150
49
199
155
15
171
24
48
61
120
3
161
86
119
101
173
8
39
28
33
112
116
183
162
177
104
3
193
168
150
31
33
142
77
8
147
138
73
66
139
48
119
100
64
174
67
41
125
75
186
195
97
30
111
6
165
110
170
116
160
28
169
92
37
180
35
100
152
196
143
9
188
174
75
193
66
185
18
112
78
83
15
81
147
8
63
88
137
148
108
116
190
13
91
157
8
106
74
130
30
2
120
165
154
43
111
6
70
154
39
173
138
25
64
37
109
78
164
188
130
7
95
28
140
182
46
154
137
173
117
60
185
8
29
137
68
183
62
86
139
77
90
150
141
93
101
20
197
134
32
161
55
51
198
109
29
31
104
57
70
69
192
102
175
140
166
24
162
154
38
93
174
21
110
106
37
175
58
102
190
141
108
192
11
94
120
68
10
104
80
118
165
98
128
171
35
149
124
41
199
39
119
14
73
1
46
160
132
144
125
83
31
22
19
175
125
120
58
103
55
96
1
161
176
157
58
155
50
182
102
48
48
198
99
114
86
61
117
197
132
192
40
187
199
1
34
169
177
116
163
133
184
87
194
50
111
15
18
30
195
50
114
113
74
106
43
137
140
132
72
120
6
20
109
27
77
181
14
139
23
113
30
51
94
151
128
45
121
116
185
157
179
95
96
52
176
113
5
114
119
123
189
107
16
101
175
50
59
4
71
127
185
1
12
135
35
186
118
20
52
73
156
90
54
25
152
40
14
19
74
186
131
157
58
43
121
77
52
49
32
21
11
189
80
107
111
110
119
15
35
102
90
138
126
174
120
167
55
12
163
173
189
160
133
121
121
175
12
83
43
171
29
193
7
184
79
141
41
40
33
161
58
54
33
1
16
69
162
77
106
95
117
40
29
80
126
176
99
140
91
116
199
50
11
137
120
146
196
154
95
110
35
73
32
15
30
184
12
79
82
28
52
30
14
191
96
154
73
48
166
33
171
112
168
181
183
152
120
51
105
86
141
33
7
163
162
124
139
138
193
131
28
22
144
69
132
31
141
65
148
130
55
124
134
178
55
159
168
171
33
177
75
97
58
75
17
45
107
129
121
154
49
185
61
110
144
37
162
149
200
80
197
40
49
33
199
179
155
111
28
51
54
92
109
152
106
194
15
152
94
39
135
151
46
148
184
170
153
99
10
140
7
191
50
161
173
176
132
3
134
121
159
86
170
183
82
153
111
151
194
27
82
129
24
185
23
138
126
117
100
84
44
49
127
31
82
47
186
47
78
65
161
23
145
77
150
176
44
76
96
188
11
27
97
31
161
101
16
79
83
47
35
169
195
25
192
46
74
38
20
86
130
96
104
115
111
118
66
128
194
75
7
119
11
118
84
97
87
95
101
133
31
160
178
125
181
172
76
139
47
25
74
163
46
33
134
31
38
43
44
190
176
120
126
41
166
75
43
154
70
171
79
35
193
88
60
36
7
176
13
148
70
6
160
10
144
4
156
187
179
49
162
130
191
44
167
110
12
35
9
56
95
180
34
82
161
22
74
123
143
101
118
197
50
113
64
31
66
140
22
161
49
178
181
104
197
199
103
141
135
177
64
108
138
118
185
146
175
184
34
153
31
113
156
38
185
166
120
122
117
65
61
124
193
5
136
112
131
148
7
3
41
78
35
187
41
45
36
92
154
186
137
93
195
24
75
120
179
69
175
154
85
163
12
162
96
178
165
90
76
172
27
113
50
162
61
59
143
179
7
94
85
71
149
82
15
99
51
78
80
12
53
35
168
200
176
62
199
38
88
66
138
192
104
173
132
177
101
153
124
133
159
147
40
28
17
155
141
53
122
134
111
176
193
134
88
77
11
26
8
147
200
184
11
7
173
175
10
14
174
55
112
177
36
99
177
81
14
155
138
44
198
4
105
138
131
96
149
72
13
131
80
66
178
148
165
6
35
56
49
119
82
133
138
96
196
101
94
165
31
78
132
75
148
179
3
192
107
99
166
11
139
166
12
31
86
54
185
97
11
75
46
84
93
168
51
78
132
39
14
54
136
172
144
25
174
82
22
119
153
7
78
193
27
114
52
83
7
105
153
2
141
53
75
26
33
170
53
28
111
52
177
44
32
42
67
100
19
174
23
170
54
187
86
153
154
85
146
50
18
45
73
174
89
82
93
123
185
176
12
64
166
124
143
34
12
183
111
148
17
169
92
179
118
176
50
113
122
46
40
198
10
116
58
92
26
197
49
144
98
11
69
66
122
53
48
140
95
178
58
166
1
122
192
113
168
75
43
163
128
15
63
151
81
41
127
175
174
162
97
51
29
111
195
179
106
33
142
168
55
199
70
148
114
108
145
85
122
159
55
78
12
122
153
86
109
150
8
164
70
129
132
99
28
170
99
56
1
103
38
28
104
99
80
83
73
86
98
186
49
4
163
101
163
176
139
167
47
198
147
102
9
122
172
48
71
152
120
149
158
119
182
104
187
60
128
2
43
124
149
98
111
154
52
154
23
98
125
73
164
117
136
106
11
36
44
83
183
29
4
167
51
172
44
112
172
37
41
163
55
149
161
11
184
90
154
63
64
99
132
101
114
15
189
90
67
161
75
143
37
48
100
179
10
87
92
35
118
105
53
10
61
76
194
81
68
36
159
107
67
20
56
38
15
162
167
136
121
167
40
8
72
58
160
3
151
137
44
39
84
13
36
87
197
76
65
146
87
92
131
52
3
145
113
78
94
121
173
30
118
180
26
190
131
60
58
84
84
187
103
59
29
194
62
114
73
1
38
42
194
88
8
16
42
144
120
40
92
61
179
14
184
129
133
152
69
68
66
150
49
166
153
101
17
175
180
87
142
145
4
21
25
7
176
22
52
15
138
90
96
129
165
98
70
65
29
74
197
100
64
41
124
162
166
91
185
196
86
120
93
117
71
154
17
135
152
75
153
9
3
182
17
16
81
125
126
101
197
69
31
197
125
161
176
164
116
21
183
114
190
127
73
99
157
174
46
178
88
77
45
179
116
184
5
107
86
61
1
112
71
36
181
27
156
25
20
165
168
191
133
167
36
118
184
61
31
88
192
131
87
14
168
168
22
194
140
122
88
91
77
143
121
82
172
34
4
81
74
192
50
27
195
54
119
189
162
127
18
143
96
159
114
59
192
20
14
77
129
110
190
25
149
131
159
122
147
154
15
67
2
127
96
161
180
53
85
29
153
12
26
113
100
43
7
156
124
101
12
192
123
126
100
106
87
125
156
172
4
48
23
136
117
84
199
130
191
149
52
138
10
145
36
36
51
66
43
6
161
141
171
117
8
121
54
8
100
84
197
76
99
9
114
134
7
155
170
153
1
44
138
184
71
159
163
129
86
28
128
121
131
19
145
133
169
34
39
39
144
89
175
151
189
192
58
38
46
178
49
124
113
107
82
15
94
133
124
73
196
142
131
99
24
35
69
170
94
14
87
45
163
54
28
126
18
189
85
180
94
156
64
96
97
191
179
155
54
81
97
189
179
138
94
30
200
195
92
143
162
121
110
38
53
167
64
137
79
68
163
92
28
163
100
177
152
69
105
49
65
53
69
4
88
182
111
68
10
177
43
98
133
51
170
69
91
149
28
88
65
29
75
183
112
82
69
68
180
66
173
199
53
125
188
70
190
77
180
19
30
57
184
102
149
75
150
89
182
160
196
161
104
119
100
159
70
170
186
148
152
76
26
179
20
6
13
57
123
29
159
30
19
161
65
195
181
73
111
30
107
128
148
96
128
132
28
107
61
117
19
2
189
101
83
73
25
14
22
49
51
76
106
144
186
79
132
199
112
195
199
97
144
172
11
140
83
14
133
24
176
84
43
117
191
99
93
37
59
127
108
1
40
48
144
96
47
30
122
161
1
199
82
114
21
72
116
108
126
192
64
88
40
40
102
11
44
37
94
105
162
94
61
144
127
115
5
16
90
158
137
170
14
13
80
188
21
69
46
39
25
186
43
19
156
158
117
197
88
46
190
22
79
134
123
185
35
79
188
91
82
7
141
150
96
188
68
88
89
86
195
61
48
166
84
43
94
66
54
155
92
111
72
14
129
89
43
175
155
188
123
157
82
187
120
179
183
118
145
191
3
181
30
5
138
42
50
24
71
115
154
191
118
9
10
199
79
13
131
79
81
50
182
49
49
184
92
173
33
175
47
34
20
33
174
155
9
192
155
181
185
52
101
174
82
29
60
200
79
105
4
122
133
45
44
143
82
153
48
157
180
2
101
148
162
181
19
154
14
77
21
80
122
14
170
19
168
167
81
74
176
29
175
18
164
68
114
191
78
89
53
133
161
50
93
17
173
180
149
98
158
53
152
175
77
169
120
158
85
153
110
47
116
98
73
187
136
94
93
24
12
85
121
137
142
180
167
158
181
51
147
118
140
35
95
184
34
16
18
98
144
51
197
70
144
127
48
164
178
93
20
16
159
159
17
100
21
95
111
149
114
45
134
178
142
81
36
39
107
192
154
73
22
155
187
11
176
54
93
68
142
182
11
33
101
54
99
86
135
123
58
143
39
68
48
111
4
19
109
88
86
145
189
75
162
115
174
77
72
4
173
106
42
171
21
104
67
192
105
69
6
67
30
5
166
27
7
42
171
117
75
100
187
95
72
94
70
144
56
134
91
61
137
139
186
199
67
193
162
109
34
148
147
32
58
66
102
101
133
26
68
77
191
66
78
105
157
170
127
126
117
109
164
129
156
155
135
109
37
61
31
108
2
96
135
160
87
30
91
69
111
7
83
91
97
112
152
176
187
150
53
145
123
196
47
125
184
98
17
87
129
112
199
50
109
39
77
189
49
16
37
147
41
115
140
199
14
124
109
190
200
28
149
11
193
16
64
166
33
171
132
60
57
142
51
28
102
184
13
109
5
47
157
150
171
13
62
72
175
112
78
20
126
61
9
182
128
144
54
19
20
104
160
122
103
27
195
17
149
132
30
197
117
152
23
104
46
72
129
178
71
20
69
136
8
87
124
26
42
123
108
140
60
120
142
78
198
91
128
29
78
157
137
169
137
169
181
76
60
146
161
101
108
192
151
189
181
117
43
198
9
168
169
175
57
125
158
63
71
70
155
88
106
154
65
32
117
141
88
163
9
157
113
141
45
98
71
130
166
124
128
145
54
91
75
22
153
146
144
134
139
104
93
104
34
116
71
117
8
90
26
66
21
101
32
195
163
65
129
194
129
102
179
152
149
114
125
200
187
113
29
158
200
166
137
100
158
39
87
99
139
145
40
172
104
28
1
109
120
178
52
25
33
20
105
29
129
187
134
71
167
109
176
63
79
195
172
112
78
129
60
79
81
49
173
71
15
104
41
93
96
50
77
174
70
56
124
30
98
94
2
171
121
114
92
79
55
60
157
188
152
17
28
40
70
197
54
30
131
100
32
152
122
127
153
180
174
49
125
192
124
4
155
42
188
192
104
183
138
139
150
23
187
168
95
136
6
145
166
38
160
59
37
58
94
60
128
85
195
21
170
6
154
127
49
36
119
192
96
38
163
171
9
129
109
59
53
120
19
114
192
76
8
115
155
94
163
134
177
116
52
82
23
63
43
50
20
13
157
124
93
18
75
190
190
196
139
153
117
46
79
103
135
180
69
113
156
50
109
94
2
31
115
134
2
160
35
150
113
11
168
24
161
117
52
134
36
185
69
114
111
13
104
172
177
198
193
119
186
99
110
102
94
59
177
90
2
100
188
188
88
67
20
136
122
152
174
96
138
38
130
115
25
158
45
188
138
33
86
27
58
131
114
158
183
81
81
63
180
150
79
45
73
78
108
96
123
30
10
85
19
188
15
122
59
194
12
58
172
197
198
14
129
85
19
31
5
14
158
79
137
4
97
159
40
179
66
156
20
76
119
103
110
140
21
195
19
68
150
46
163
113
186
131
26
62
55
40
116
188
101
38
105
50
87
139
7
48
113
92
143
25
45
172
97
36
114
156
174
197
116
58
22
41
128
187
77
83
77
27
89
196
189
108
16
75
32
60
198
152
197
107
49
135
43
132
127
118
94
107
172
162
169
89
48
102
161
189
129
126
37
177
51
104
37
131
160
82
41
155
17
50
32
6
91
106
83
110
127
55
49
20
129
143
100
138
183
10
145
115
174
136
143
23
131
169
11
31
127
136
130
23
162
5
33
106
44
24
154
148
62
177
111
100
133
106
115
152
12
75
107
16
111
74
181
97
129
180
62
8
51
162
21
94
33
51
45
93
131
36
179
141
115
3
60
177
8
192
113
187
161
98
180
194
164
157
85
146
170
185
37
187
123
84
143
52
84
190
24
106
141
95
53
191
78
60
74
96
191
157
32
101
180
81
173
42
146
34
191
53
123
194
53
70
18
19
179
2
60
164
133
26
44
131
174
6
72
72
180
161
32
172
30
148
60
96
100
78
149
42
200
55
33
181
48
135
71
38
84
55
14
1
175
83
28
129
156
13
159
59
107
91
3
86
45
65
129
191
48
152
20
33
22
76
46
52
43
67
196
71
149
171
156
117
50
53
97
191
95
73
118
104
38
29
188
164
113
127
103
64
162
197
146
131
148
26
145
184
165
85
164
97
102
23
57
153
50
13
143
163
15
142
191
159
69
75
125
1
194
57
151
109
94
33
165
57
112
163
56
139
60
145
105
131
153
110
127
47
90
159
124
36
9
143
104
31
98
41
50
167
32
151
83
185
118
147
85
100
40
140
176
121
33
197
197
146
144
187
64
35
13
180
64
115
155
192
14
183
145
108
159
48
80
126
79
147
151
120
83
53
82
124
189
193
121
27
87
38
120
68
144
1
109
156
170
173
90
118
104
154
112
160
112
81
126
67
69
158
168
19
121
176
154
4
79
177
55
34
16
18
79
108
188
89
43
119
189
99
36
187
15
53
173
151
74
41
99
55
150
40
41
106
45
4
81
125
187
162
155
70
3
158
16
143
115
88
156
111
102
123
188
36
124
10
80
60
141
189
170
151
66
7
198
102
172
40
126
140
127
198
53
39
66
132
7
186
6
90
198
181
131
129
